Matriz distancias: 
0	5.88233	5.42148	3.3482	10.9669	
5.88233	0	1.2919	4.48743	16.7559	
5.42148	1.2919	0	4.83012	16.3883	
3.3482	4.48743	4.83012	0	12.8835	
10.9669	16.7559	16.3883	12.8835	0	
El camino óptimo es: 1--> 3--> 4--> 2--> 5--> 
La matriz dinamica es: 
0(1) 	 1.79769e+308(0) 	 1.79769e+308(0) 	 1.79769e+308(0) 	 1.79769e+308(0) 	 1.79769e+308(0) 	 1.79769e+308(0) 	 1.79769e+308(0) 	 1.79769e+308(0) 	 1.79769e+308(0) 	 1.79769e+308(0) 	 1.79769e+308(0) 	 1.79769e+308(0) 	 1.79769e+308(0) 	 1.79769e+308(0) 	 35.0512(4) 	 
5.88233(2) 	 1.79769e+308(0) 	 6.71337(3) 	 7.83562(4) 	 27.7228(5) 	 1.79769e+308(0) 	 1.79769e+308(0) 	 1.79769e+308(0) 	 9.47021(3) 	 28.647(3) 	 28.3378(4) 	 1.79769e+308(0) 	 1.79769e+308(0) 	 1.79769e+308(0) 	 29.9724(4) 	 1.79769e+308(0) 	 
5.42148(3) 	 7.17423(2) 	 1.79769e+308(0) 	 8.17831(4) 	 27.3551(5) 	 1.79769e+308(0) 	 9.12752(2) 	 29.0147(2) 	 1.79769e+308(0) 	 1.79769e+308(0) 	 28.6805(4) 	 1.79769e+308(0) 	 1.79769e+308(0) 	 29.6297(4) 	 1.79769e+308(0) 	 1.79769e+308(0) 	 
3.3482(4) 	 10.3698(2) 	 10.2516(3) 	 1.79769e+308(0) 	 23.8504(5) 	 11.2008(2) 	 1.79769e+308(0) 	 32.2102(2) 	 1.79769e+308(0) 	 32.1852(3) 	 1.79769e+308(0) 	 1.79769e+308(0) 	 33.1344(2) 	 1.79769e+308(0) 	 1.79769e+308(0) 	 1.79769e+308(0) 	 
10.9669(5) 	 22.6382(2) 	 21.8097(3) 	 16.2317(4) 	 1.79769e+308(0) 	 23.4693(2) 	 23.2533(4) 	 1.79769e+308(0) 	 23.1351(4) 	 1.79769e+308(0) 	 1.79769e+308(0) 	 24.0843(4) 	 1.79769e+308(0) 	 1.79769e+308(0) 	 1.79769e+308(0) 	 1.79769e+308(0) 	 
