5 3082 1644
3 5530 1424
23 5199 2182
8 7265 1268
37 7762 4595
19 7732 4723
40 6271 2135
25 4307 2322
32 3245 3305
14 4612 2035
33 6426 3173
1 6734 1453
47 5185 3258
34 4608 1198
29 3177 756
15 6347 2683
28 7541 3981
22 6101 1110
7 7573 3716
31 7545 2801
16 6107 669
41 4985 140
20 5900 3561
44 7509 3239
10 1112 2049
11 5468 2606
39 3484 2829
12 5989 2873
30 7352 4506
27 7555 4819
18 7462 3590
6 7608 4458
17 7611 5184
38 7392 2244
9 6898 1885
36 7248 3779
35 23 2216
2 2233 10
48 3023 1942
24 1633 2809
42 1916 1569
4 401 841
21 4483 3369
45 10 2676
26 675 1006
43 7280 4899
46 6807 2993
13 4706 2674
Tiempo de ejecucion: 0.264635
Peso total: 117011
