22 6101 1110
36 7248 3779
46 6807 2993
45 10 2676
4 401 841
11 5468 2606
34 4608 1198
31 7545 2801
1 6734 1453
2 2233 10
41 4985 140
33 6426 3173
19 7732 4723
32 3245 3305
25 4307 2322
39 3484 2829
48 3023 1942
42 1916 1569
47 5185 3258
43 7280 4899
44 7509 3239
20 5900 3561
9 6898 1885
24 1633 2809
27 7555 4819
3 5530 1424
6 7608 4458
10 1112 2049
12 5989 2873
15 6347 2683
40 6271 2135
5 3082 1644
7 7573 3716
28 7541 3981
38 7392 2244
16 6107 669
23 5199 2182
26 675 1006
35 23 2216
13 4706 2674
21 4483 3369
29 3177 756
18 7462 3590
17 7611 5184
8 7265 1268
14 4612 2035
37 7762 4595
30 7352 4506

